0.81580547112462
0.82370820668693
0.8194528875379938
0.8240121580547112
0.8231003039513677
0.7960486322188449
0.6285714285714286
0.6945288753799391
0.7167173252279635
0.5389057750759878
0.8452887537993921
0.8079027355623101
0.7990881458966566
0.8060790273556231
0.7905775075987842
0.8249240121580547
0.7993920972644376
0.8489361702127659
0.8419452887537993
0.8325227963525836
0.8416413373860183
0.8753799392097266
0.8310030395136778
0.8249240121580547
0.8556231003039514
0.7802431610942249
0.7580547112462006
0.8103343465045593
0.8264437689969606
